0.0113517289556
0.0115263709396
0.0123995808592
0.015717778554
0.0216556060077
0.0291652113168
0.0380719524974
0.0506461753406
0.0665385958784
0.0860984980789
0.105833042263
0.128361858191
0.149842822214
0.181103737338
0.210967516591
0.236465246245
0.267202235417
0.293398533007
0.327104435906
0.362207474677
0.390848760042
0.424030736989
0.451274886483
0.475899406217
0.50488997555
0.526894865526
0.551868669228
0.573174991268
0.59325881942
0.61543835138
0.632203981837
0.65141460007
0.670450576319
0.683898009081
0.6989172197
0.712539294446
0.727209221097
0.737338456165
0.750785888928
0.761788333915
0.769821865176
0.779776458261
0.788683199441
0.797764582606
0.806671323786
0.818546978694
0.82413552218
0.830073349633
0.836360461055
0.840901152637
0.846838980091
