0.0113517289556
0.0113517289556
0.0120502968914
0.013098148795
0.0150192106182
0.0160670625218
0.0179881243451
0.0227034579113
0.026021655606
0.0331819769473
0.0405169402724
0.049598323437
0.0562347188264
0.0635696821516
0.0719524973804
0.0817324484806
0.0920363255327
0.104086622424
0.114215857492
0.130632203982
0.147223192455
0.164687390849
0.182850157178
0.200838281523
0.221096751659
0.242053789731
0.257946210269
0.27575969263
0.295668878798
0.319070904645
0.342123646525
0.370241005938
0.393119105833
0.418616835487
0.444813133077
0.471707998603
0.49511002445
0.51641634649
0.538246594481
0.561648620328
0.580859238561
0.599720572826
0.620153684946
0.643555710793
0.657876353475
0.673419490045
0.691232972407
0.703981837234
0.71358714635
0.725462801257
0.736465246245
