0.0113517289556
0.0115263709396
0.0118756549074
0.0123995808592
0.0137967167307
0.0158924205379
0.0200838281523
0.0254977296542
0.0319594830597
0.0426126440796
0.0527418791477
0.0689835836535
0.0887181278379
0.108278030038
0.128361858191
0.152986377925
0.178134823612
0.202235417394
0.231575270695
0.255501222494
0.277506112469
0.300558854349
0.323087670276
0.349807893818
0.37565490744
0.400803353126
0.425078588893
0.449179182676
0.471009430667
0.491617184771
0.512050296891
0.530387705204
0.549074397485
0.570904645477
0.590115263709
0.604261264408
0.617359413203
0.631156129934
0.64652462452
0.658749563395
0.671323786238
0.682675515194
0.696472231925
0.707649318896
0.720747467691
0.729304924904
0.736639888229
0.745721271394
0.753754802655
0.762312259867
0.768075445337
