0.0113517289556
0.0115263709396
0.0120502968914
0.0141460006986
0.0176388403772
0.0246245197345
0.0328326929794
0.0424380020957
0.0544882989871
0.0716032134125
0.0901152637094
0.110897659797
0.137443241355
0.165735242752
0.192455466294
0.219524973804
0.24956339504
0.282046804052
0.31662591687
0.350331819769
0.383339154733
0.411281872162
0.439748515543
0.466992665037
0.491617184771
0.51466992665
0.53772266853
0.563744324136
0.586098498079
0.607230178135
0.626964722319
0.641809290954
0.66119455117
0.677261613692
0.695075096053
0.706426825009
0.721446035627
0.733670974502
0.747816975201
0.758994062173
0.767027593433
0.775585050646
0.782046804052
0.790604261264
0.799685644429
0.805972755851
0.813307719176
0.82238910234
0.829898707649
0.836011177087
0.840027942717

