0.0
0.000176647235471
0.000176647235471
0.000353294470942
0.00141317788377
0.00388623918036
0.00618265324148
0.00989224518636
0.015368309486
0.0231407878467
0.0321497968557
0.0413354531002
0.0506977565801
0.0595301183536
0.0740151916623
0.0865571453807
0.0985691573927
0.114997350291
0.130189012542
0.144497438615
0.164281928988
0.184066419361
0.202614379085
0.226108461403
0.251192368839
0.269033739622
0.294824236001
0.316375198728
0.33580639463
0.358063946299
0.377495142201
0.398869457693
0.418830595301
0.442148030383
0.464935523759
0.486839780957
0.507154213037
0.524112347642
0.54018724607
0.553965730436
0.569510687158
0.587175410705
0.604663487016
0.617558735206
0.629924041689
0.643702526055
0.655184596361
0.667019961138
0.677088853559
0.68839427663
0.704469175057
