0.0113517289556
0.0113517289556
0.0117010129235
0.0134474327628
0.0146699266504
0.0197345441844
0.023402025847
0.026021655606
0.0326580509955
0.0434858539993
0.0544882989871
0.0653161019909
0.080684596577
0.0983234369542
0.113517289556
0.13098148795
0.150017464198
0.166608452672
0.187041564792
0.207125392944
0.227907789032
0.250960530912
0.276458260566
0.300034928397
0.325881942019
0.352078239609
0.377226685295
0.399930143206
0.425602514845
0.456514146001
0.483932937478
0.506287111422
0.529514495285
0.552217953196
0.565665385959
0.580684596577
0.595529165211
0.610199091862
0.624170450576
0.639538945162
0.658050995459
0.671673070206
0.684072651065
0.696646873908
0.710618232623
0.720747467691
0.731225986727
0.740831295844
0.749912679008
0.758644778205
0.764582605658

