0.0
0.000353207120656
0.00459169256852
0.0140576434021
0.0277620796835
0.045775642837
0.0665442215315
0.0913393614015
0.11542808703
0.14142413111
0.167490816615
0.198926250353
0.234035038146
0.268578694546
0.301073749647
0.330813789206
0.3618253744
0.392836959593
0.424625600452
0.452882170105
0.482975416784
0.510172365075
0.538923424696
0.564071771687
0.587454083074
0.611048318734
0.633017801639
0.656541395875
0.677733823114
0.695182254874
0.714538005086
0.730926815485
0.745973438825
0.761090703589
0.776278609777
0.788640859
0.801356315343
0.813294716021
0.825021192427
0.835688047471
0.845365922577
0.854337383442
0.862955637186
0.869807855326
0.877719694829
0.884359988697
0.89107092399
0.89552133371
0.901455213337
0.906046905906
0.911627578412

