0.0
0.000141282848262
0.000494489968918
0.00282565696524
0.00586323820288
0.0119384006782
0.0186493359706
0.0286097767731
0.0419610059339
0.0579966092116
0.0763633794857
0.0970613167561
0.119172082509
0.143684656683
0.165583498163
0.190166713761
0.213760949421
0.23495337666
0.258265046623
0.277974003956
0.299378355468
0.320853348404
0.342822831308
0.364862955637
0.385348968635
0.404987284544
0.4247668833
0.442568522181
0.459734388245
0.47845436564
0.497174343035
0.514128284826
0.529316191014
0.545422435716
0.562023170387
0.577917490817
0.590774230008
0.603348403504
0.615781294151
0.628214184798
0.640011302628
0.651737779034
0.660779881322
0.670952246397
0.681053970048
0.690802486578
0.699420740322
0.707685786945
0.715668267872
0.724427804465
0.732127719695

