0.0             0.0000   
5.26315789      0.0619
10.52631579     0.1872 
15.78947368     0.3071 
21.05263158     0.4142        
26.31578947     0.5102 
31.57894737     0.6024 
36.84210526     0.6843 
42.10526316     0.7634 
47.36842105     0.8268 
52.63157895     0.8784 
57.89473684     0.9179 
63.15789474     0.9466 
68.42105263     0.9652 
73.68421053     0.9775 
78.94736842     0.9845 
84.21052632     0.9881 
89.47368421     0.9925 
94.73684211     0.9950 
100.0           0.9964     




       
