0.0
0.000141282848262
0.000494489968918
0.00289629838938
0.00692285956485
0.0122916077988
0.019920881605
0.0287510596214
0.0399830460582
0.0532636337949
0.0676038428935
0.086747668833
0.105326363379
0.123905057926
0.145591975134
0.170740322125
0.195676744843
0.224781011585
0.253532071207
0.281859282283
0.310115851936
0.337454083074
0.363167561458
0.389092964114
0.417420175191
0.441579542244
0.466021474993
0.490463407742
0.512786097768
0.533625317886
0.555382876519
0.577564283696
0.599604408025
0.620302345295
0.642130545352
0.66141565414
0.682184232834
0.700480361684
0.716515964962
0.732269002543
0.747244984459
0.761090703589
0.772958462843
0.784614297824
0.796199491382
0.807855326363
0.818168974287
0.827988132241
0.835970613168
0.843176038429
0.850734670811
