0.0
7.06414241311e-05
0.00148346990675
0.0052274653857
0.0120796835264
0.0259960440802
0.0443628143543
0.0666855043798
0.0940943769426
0.122845436564
0.154634077423
0.192144673637
0.23050296694
0.265470471885
0.299731562588
0.33618253744
0.369949138175
0.402302910427
0.432254874258
0.461288499576
0.488979937836
0.515541113309
0.543797682961
0.567957050014
0.592116417067
0.614085899972
0.635419610059
0.65526985024
0.675826504662
0.695747386267
0.715597626448
0.732763492512
0.747810115852
0.764057643402
0.778680418197
0.793797682961
0.80693698785
0.819864368466
0.832862390506
0.844023735519
0.854549307714
0.864156541396
0.872845436564
0.880050861825
0.88902232269
0.896157106527
0.902656117547
0.909013845719
0.915442215315
0.920599039277
0.924625600452

