0.0
0.000282565696524
0.00155411133088
0.00480361684092
0.00932466798531
0.0146934162193
0.0221814071772
0.0305877366488
0.0397711217858
0.0520627295846
0.0633653574456
0.0773523594236
0.0912687199774
0.104831873411
0.120867476688
0.136691155694
0.152585476123
0.168691720825
0.186281435434
0.203164735801
0.223862673071
0.243147781859
0.263775077706
0.286521616276
0.306301215032
0.326787228031
0.348615428087
0.367829895451
0.388315908449
0.408236790054
0.427733823114
0.449632664595
0.467363662051
0.486436846567
0.504874258265
0.523382311387
0.54104266742
0.55813789206
0.575656965244
0.593246679853
0.609635490251
0.626801356315
0.642695676745
0.657247810116
0.669610059339
0.683597061317
0.69595931054
0.707120655552
0.715738909296
0.728030517095
0.737990957898
