0.0
0.0
0.0
0.0
0.000494489968918
0.0011302627861
0.00240180842046
0.00416784402374
0.00741734953377
0.0117264764058
0.0187199773947
0.0268437411698
0.0384289347273
0.0540406894603
0.0702175755863
0.0917632099463
0.115216162758
0.144179146652
0.173495337666
0.201893190167
0.233681831026
0.261938400678
0.291113308844
0.317957050014
0.342469624188
0.366417066968
0.388103984176
0.410426674202
0.431901667138
0.454436281435
0.478242441368
0.501483469907
0.524230008477
0.547894885561
0.571206555524
0.594165018367
0.614933597061
0.634148064425
0.653857021758
0.671446736366
0.68946029952
0.705778468494
0.721390223227
0.737213902232
0.752119242724
0.765187906188
0.78009324668
0.794221531506
0.808561740605
0.822831308279
0.835829330319

