0.047619047619
0.0486984126984
0.0552698412698
0.0714126984127
0.104222222222
0.155873015873
0.224888888889
0.307142857143
0.39
0.47053968254
0.551333333333
0.622492063492
0.685571428571
0.738634920635
0.784301587302
0.824079365079
0.854888888889
0.879333333333
0.899253968254
0.916174603175
0.929476190476
0.939761904762
0.947952380952
0.95480952381
0.961365079365
0.966047619048
0.970507936508
0.974349206349
0.97746031746
0.980063492063
0.98246031746
0.984492063492
0.986111111111
0.987698412698
0.989142857143
0.990523809524
0.991698412698
0.992507936508
0.993349206349
0.993841269841
0.99453968254
0.995079365079
0.99553968254
0.996
0.996317460317
0.996603174603
0.996873015873
0.997158730159
0.997444444444
0.997571428571
0.997761904762

