0.047619047619
0.0478095238095
0.0499841269841
0.0561111111111
0.0705238095238
0.0913015873016
0.11580952381
0.142634920635
0.172555555556
0.200238095238
0.228365079365
0.25726984127
0.286666666667
0.316238095238
0.344682539683
0.37346031746
0.402619047619
0.431047619048
0.459650793651
0.486825396825
0.513841269841
0.538825396825
0.561095238095
0.582428571429
0.601825396825
0.621126984127
0.639952380952
0.658793650794
0.677301587302
0.695015873016
0.71326984127
0.730095238095
0.746682539683
0.762206349206
0.777444444444
0.791492063492
0.804761904762
0.81680952381
0.829444444444
0.841698412698
0.852222222222
0.862587301587
0.871365079365
0.880746031746
0.888619047619
0.895476190476
0.902095238095
0.90819047619
0.914380952381
0.92026984127
0.925206349206
