0.047619047619
0.048873015873
0.0570158730159
0.077380952381
0.109365079365
0.157253968254
0.218396825397
0.291349206349
0.377396825397
0.474682539683
0.563079365079
0.643857142857
0.715523809524
0.776619047619
0.827222222222
0.86673015873
0.897285714286
0.921428571429
0.939571428571
0.953206349206
0.962857142857
0.970285714286
0.975492063492
0.979936507937
0.98326984127
0.986492063492
0.989301587302
0.99126984127
0.993142857143
0.994222222222
0.995444444444
0.996142857143
0.996825396825
0.997380952381
0.997857142857
0.998301587302
0.998571428571
0.998793650794
0.998984126984
0.999222222222
0.999349206349
0.999476190476
0.999571428571
0.999666666667
0.999682539683
0.999746031746
0.999777777778
0.999825396825
0.999841269841
0.999857142857
0.999873015873

