0.047619047619
0.0484603174603
0.0569523809524
0.0782063492063
0.112365079365
0.160587301587
0.226841269841
0.303571428571
0.385603174603
0.469047619048
0.551666666667
0.628301587302
0.696
0.752968253968
0.799492063492
0.835365079365
0.866222222222
0.892238095238
0.912142857143
0.927904761905
0.940015873016
0.950238095238
0.958476190476
0.964492063492
0.969619047619
0.973873015873
0.977634920635
0.980634920635
0.983317460317
0.985682539683
0.987507936508
0.989079365079
0.990571428571
0.992079365079
0.993031746032
0.993968253968
0.994603174603
0.995317460317
0.995888888889
0.996396825397
0.996777777778
0.99719047619
0.99753968254
0.997857142857
0.998142857143
0.998428571429
0.998507936508
0.998603174603
0.998793650794
0.998825396825
0.998936507937

